0,3,5,6,7,11,12,13,14,15,17
0,3,5,6,7,13,14,15,17
1,2,3,4,5,6,7,12,14,15
1,3,4,6,7,12,14,17
1,2,3,4,6,7,12,13,14,15,16,17
1,3,4,6,7,14,15,16,17
1,3,5,6,7,14,15,16,17
0,3,5,6,7,14,15,16,17
0,3,5,6,7,13,14,15,17
1,2,3,4,8,9,10,16,17
0,3,5,6,12,13,14,15
0,3,5,6,7,12,13,14,15,16,17
1,3,4,8,9,10,14,16,17
1,2,3,4,7,8,9,10,11,12,13,16,17
0,3,5,6,7,13,14,15,17
0,3,5,6,7,11,13,14,15,17
1,2,4,7,9,10,11,12,13,14,17
1,2,3,4,8,9,10,14,16,17
0,3,5,6,7,13,14,15
1,2,3,4,8,9,10,12,16,17
1,2,3,4,7,8,9,12,16,17
1,2,3,4,8,9,10,14,15,16,17
1,2,3,4,8,9,10,13,16,17
1,2,3,4,8,9,10,16,17
1,2,4,8,9,10,16,17
1,2,4,8,9,10,11,16,17
1,2,4,8,9,10,12,16,17
1,2,3,4,8,9,10,12,16,17
0,2,5,6,8,9,10,13,14,15,17
1,2,3,4,8,9,10,12,16,17
0,3,5,6,7,13,14,15
1,2,3,4,8,9,10,12,16,17
1,2,3,4,8,9,10,11,14,16,17
0,3,5,6,7,13,14,15,17
1,2,3,4,8,9,10,16,17
0,3,5,6,7,13,14,15
0,2,3,5,6,7,11,13,14,15,17
0,2,3,5,6,7,14,15,17
0,3,5,6,7,11,13,14,15
1,2,4,8,9,10,11,12,14,16,17
1,2,3,4,8,9,10,12,17
1,2,3,4,8,9,10,16,17
1,2,4,8,9,10,17
1,2,4,8,9,10,16,17
1,2,3,4,8,9,10,12,17
1,2,3,4,8,9,10,12,16,17
1,2,3,4,8,9,10,17
1,2,4,8,9,10,17
1,2,3,4,8,9,15,17
0,3,5,6,7,13,14,15
1,2,3,4,8,9,10,12,16,17
0,3,5,6,7,9,13,14,15,17
1,2,3,4,8,9,10,16,17
0,2,3,5,6,7,11,13,14,15
1,2,3,4,7,8,9,12,13,15,17
0,3,5,6,7,11,12,13,14,15
0,3,5,6,7,11,12,13,14,15,17
0,3,5,6,7,11,13,14,15,17
0,3,5,6,7,11,13,14,15,17
0,3,5,6,7,11,13,14,15,17
1,2,3,4,7,8,9,10,11,16,17
0,3,5,6,7,13,14,15
1,2,3,4,8,9,10,17
1,2,3,4,8,9,10,12,17
1,2,3,4,8,9,10,12,13,17
0,2,3,5,6,7,8,13,14,15,17
0,3,5,6,7,8,12,13,14,15,17
0,3,5,6,7,11,13,14,15
1,2,3,4,8,9,10,14,16,17
1,2,3,4,8,9,10,16,17
1,2,4,8,9,10,14,16,17
0,2,3,4,5,8,9,10,11,12,15,17
1,2,3,4,8,9,10,12,16,17
0,2,4,5,6,8,10,11,14,15,17
1,2,4,7,8,9,10,11,12,15,16,17
1,3,4,5,6,7,11,12,14,15
1,3,4,6,7,11,12,13,14,15,17
1,3,4,5,6,7,9,10,11,12,13,14,15,17
1,2,3,4,6,7,11,12,14,15,17
0,5,6,11,13,14,15
1,2,4,7,8,9,10,11,13,15,17
1,2,4,8,9,10,11,12,13,15,17
0,5,6,7,11,13,14,15,17
0,5,6,7,13,14,15
0,3,5,6,7,11,13,14,15
1,4,6,7,11,12,13,14,15,17
0,5,6,7,11,13,14,15
0,5,6,7,13,14,15
1,3,4,6,7,8,10,11,12,14,15,17
0,5,6,7,11,13,14,15,17
1,2,4,8,9,10,11,16,17
1,2,4,8,9,10,11,12,16,17
1,2,3,4,8,9,11,12,15,16,17
1,2,4,8,10,11,12,16,17
1,2,4,6,7,17
1,2,4,6,7,9,10,12,13,14,15,16,17
1,4,6,7,12,13,14,15,17
1,2,6,7,8,11,12,15,17
1,2,3,4,7,8,9,10,11,17
0,5,6,7,11,12,13,14,15
1,2,6,7,12,13,15,17
1,2,4,6,7,8,12,15,17
1,2,4,6,7,8,10,12,14,15,16,17
1,2,6,7,8,10,15,16
1,2,3,4,5,7,8,9,10,11,12,14,15,17
1,2,3,4,9,10,12,16,17
0,3,5,6,7,13,14,15,17
0,3,4,5,6,7,8,9,10,11,12,13,14,15,16,17
1,2,3,4,8,9,10,16,17
1,2,3,4,8,9,10,16,17
1,4,8,9,10,11,16,17
0,3,5,6,7,11,13,14,15,17
1,3,4,7,8,9,11,16,17
0,3,5,6,7,11,13,14,15
1,2,3,4,8,9,10,16,17
1,3,4,6,7,8,9,10,11,12,13,16,17
1,2,4,8,9,10,12,16,17
0,2,3,4,5,6,8,13,14,15,17
1,3,4,9,10,11,12,16,17
0,5,6,7,13,14,15
0,3,4,5,6,7,11,13,14,15,16,17
0,3,5,6,7,11,13,14,15,17
0,5,6,7,11,13,15,17
0,2,3,5,6,7,9,13,14,15,17
1,3,4,8,9,10,16,17
0,3,5,6,7,11,13,14,15,17
0,3,5,6,7,13,14,15
1,3,4,8,9,10,11,12,15,16,17
1,3,4,7,9,11,12,16,17
1,2,3,4,8,9,10,12,13,14,15,16,17
1,2,3,4,6,7,8,9,10,16,17
1,4,7,9,10,11,15,17
0,5,6,7,11,13,14,15,17
0,5,6,7,11,13,14,15,17
0,5,6,7,13,14,15,17
0,5,6,7,11,13,14,15
0,3,5,6,7,11,12,13,14,17
1,3,4,7,8,9,10,11,15,16,17
1,4,7,8,9,10,11,15,17
1,2,4,7,8,9,10,16,17
0,5,8,9,10,11,14,15,17
0,5,6,7,8,9,10,11,13,14,15,16,17
0,5,6,7,8,9,10,11,13,14,15,17
1,2,3,8,9,10,11,12,15,16,17
1,3,7,8,9,10,11,15,17
1,4,7,8,9,10,11,15,16,17
0,3,5,6,7,13,14,15,17
1,8,9,10,11,13,14,15,16,17
0,3,5,6,7,11,12,13,14,15,17
1,4,8,9,10,11,14,16,17
0,2,3,5,6,7,11,13,14,15,17
1,2,3,4,5,6,7,10,12,13,14,15
1,3,4,7,9,10,11,12,14,16,17
1,4,7,8,9,10,11,12,14,15,17
0,3,5,6,7,13,14,15
0,2,3,5,6,7,9,12,13,14,15
0,2,3,5,6,7,8,13,14,15
1,3,4,7,9,10,12,14,15,16,17
0,3,5,6,7,11,13,14,15
1,3,4,6,7,8,9,10,11,12,15,17
1,3,6,7,13,14,15,16,17
1,6,7,8,13,14,15,17
1,3,4,6,7,8,12,13,14,15,17
0,3,5,6,7,8,13,14,15,17
1,2,3,6,7,11,12,13,14,15,17
1,3,4,7,8,9,10,11,12,14,16,17
0,2,4,5,6,7,8,9,11,13,15,16,17
0,2,4,5,6,7,8,9,11,12,13,15,16,17
1,4,5,6,7,10,14,15,16,17
1,2,4,8,9,10,11,12,15,17
1,2,4,8,9,10,11,16,17
0,3,5,6,7,11,13,14,15,17
1,3,4,8,9,10,11,14,16,17
1,6,7,11,12,13,14,15,17
1,2,3,4,8,9,10,16,17
1,3,4,8,9,10,11,16,17
0,4,5,8,9,10,11,15,16,17
1,4,8,9,10,11,12,13,16,17
1,2,4,8,9,10,11,12,13,16,17
1,2,4,8,9,10,11,16,17
1,2,3,4,8,9,10,11,12,16,17
1,4,8,9,10,11,12,16,17
1,2,3,4,8,9,10,16,17
1,2,3,4,5,6,7,8,9,10,11,12,13,14,15,16,17
1,4,8,9,10,11,12,16,17
1,2,4,8,9,10,11,13,16,17
1,3,4,8,9,10,11,12,16,17
1,2,4,8,9,10,16,17
0,2,3,5,6,7,8,9,13,14,15,16,17
1,2,4,8,9,10,16,17
0,3,5,6,7,13,14,15,17
0,3,5,6,7,9,11,13,14,15,17
1,7,8,9,10,12,15,16,17
1,4,8,9,10,16,17
1,4,7,8,9,10,11,12,16,17
0,5,6,7,13,14,15,17
1,4,7,8,9,10,12,13,15,16,17
0,3,4,5,6,7,11,15,17
1,4,8,9,10,11,12,14,16,17
1,2,3,8,9,10,12,16,17
1,4,8,9,10,15,16,17
1,2,3,4,8,9,10,16,17
1,2,4,7,8,9,10,11,12,16,17
1,2,4,8,9,10,11,16,17
0,4,5,6,7,8,13,14,15,17
1,4,7,8,9,10,11,13,17
0,5,6,7,11,13,15,17
0,2,3,5,6,7,8,11,13,14,15,17
1,4,8,9,10,13,16,17
1,2,3,4,8,9,10,11,12,17
1,4,7,8,9,10,16,17
0,3,5,6,7,11,13,14,15,17
1,4,8,9,10,12,16,17
1,3,4,7,9,10,12,14,16,17
0,2,3,5,6,7,11,13,14,15,17
1,3,4,5,6,7,11,12,13,14,15,16,17
1,2,3,4,6,7,10,11,15,16,17
0,3,5,6,7,11,13,14,15
1,2,3,4,8,9,10,12,16,17
1,3,4,9,10,12,15,16,17
1,4,8,9,10,16,17
1,3,4,6,7,12,16,17
1,2,4,8,9,10,12,16,17
0,5,6,13,14,15,17
0,3,5,6,7,11,13,14,15
0,3,5,6,7,13,14,15,17
1,4,7,8,9,10,12,15,16,17
1,2,4,8,9,10,16,17
0,3,5,6,7,13,14,15,17
0,3,4,5,6,7,8,10,11,13,14,15,17
0,3,5,6,7,13,14,15,17
0,3,5,6,7,10,11,13,14,15,17
1,3,4,8,9,12,16,17
0,3,5,6,7,11,13,14,15,17
1,4,7,8,9,10,11,13,15,16,17
0,5,6,7,11,13,15,17
1,4,8,9,10,16,17
1,2,4,7,8,9,13,14,17
1,2,3,4,8,9,10,11,16,17
0,5,6,7,8,11,15,16,17
0,5,7,8,9,10,13,14,15,17
1,2,4,8,9,10,11,12,15,16,17
0,6,7,8,13,15,16,17
1,3,4,8,9,10,11,14,16,17
1,2,4,9,10,11,16,17
1,2,4,8,9,10,11,12,16,17
1,4,6,8,9,10,15,16,17
0,3,5,6,7,8,13,14,15
0,2,3,4,5,6,7,8,9,10,11,12,13,14,15,16,17
1,2,4,8,9,10,12,16,17
0,3,5,6,7,13,14,15
0,3,5,6,7,13,14,15
1,2,3,4,7,8,9,10,16,17
0,3,5,6,7,13,14,15,17
1,2,4,8,9,10,11,17
1,2,4,8,9,10,11,15,16,17
0,15,5,6,13
0,5,6,13,15,16,17
1,4,8,9,10,12,16,17
1,2,4,8,9,10,17
1,2,4,8,9,10,11,17
1,2,4,7,8,9,10,12,13,15,16,17
1,2,4,8,9,10,11,14,16,17
1,2,4,8,9,10,16,17
1,2,4,8,9,10,16,17
1,2,4,8,9,10,11,17
0,5,6,7,11,13,15,17
0,2,8,9,10,11,15,17
1,2,4,8,9,10,16,17
1,2,4,8,9,10,17
1,2,3,4,8,9,10,16,17
1,3,4,7,8,9,10,12,17
1,2,4,8,9,10,11,16,17
0,5,6,8,9,11,13,14,15,16,17
0,2,5,6,8,11,15,16,17
1,4,6,7,12,14,15
0,5,6,7,13,14,15,16
0,4,5,6,7,8,9,11,15,17
0,5,6,7,13,14,15,17
0,5,6,7,11,13,14,15
1,4,8,9,10,11,15,17
0,2,4,5,6,7,8,9,15,17
0,2,5,6,7,11,13,14,15
0,5,6,7,13,14,15,17
1,4,7,8,9,10,11,12,16,17
1,4,7,8,9,10,11,12,16,17
1,4,7,8,9,10,11,12,13,15,16,17
1,2,3,4,5,7,8,9,10,12,14,16,17
1,2,3,4,6,7,9,11,12,14,15,16,17
1,2,3,4,6,7,9,11,12,14,15,17
1,2,4,6,7,8,9,10,11,14,15,17
1,2,4,7,8,9,10,11,13,15,17
1,2,4,7,8,9,11,12,14,15,16,17
1,2,3,4,7,8,9,10,11,12,14,15,16,17
1,3,4,7,8,9,11,12,14,15,17
0,3,5,6,7,8,9,11,13,14,15,16,17
0,4,5,6,7,11,13,14,15,16,17
1,2,3,4,7,8,9,10,11,14,16,17
1,3,8,9,10,11,12,16,17
1,3,4,7,8,9,10,11,14,15,16,17
0,5,6,8,9,10,11,13,14,15,17
1,4,7,8,9,10,16,17
0,5,6,7,8,11,13,14,15,17
0,5,6,7,13,14,15
0,3,5,6,7,11,13,14,15,17
0,5,6,7,11,13,14,15
0,5,6,7,13,14,15
1,2,4,7,8,9,10,15,17
0,5,6,7,11,13,14,15
1,2,7,8,9,10,11,15,16,17
0,5,6,7,11,13,14,15,16
1,4,7,8,9,10,11,14,17
1,2,3,4,8,9,10,11,16,17
0,3,4,5,6,7,11,13,14,15,17
0,3,5,6,7,8,9,12,13,14,15,16,17
0,3,4,5,6,7,8,9,14,15,16,17
1,7,9,10,12,13,14,15,16
1,2,8,9,10,11,16,17
1,4,8,9,10,16,17
1,2,4,8,9,10,16,17
1,3,4,7,9,10,11,14,15,17
1,2,3,4,8,9,10,11,14,17
1,2,3,4,6,7,9,12,14,15,17
1,2,3,4,6,7,9,10,11,14,15,17
0,3,5,6,7,12,13,14,15
1,3,6,7,10,13,14,15,17
1,2,3,5,8,9,10,12,15,17
0,3,5,6,7,13,14,15,17
1,2,3,4,8,9,10,12,17
1,2,3,4,7,8,9,10,11,16,17
0,3,5,6,7,11,13,14,15
1,2,3,4,8,9,10,16,17
1,2,4,8,9,10,12,16,17
1,4,8,9,10,16,17
1,3,4,7,8,9,10,12,13,16,17
0,5,6,7,11,12,13,14,15,17
1,4,7,8,9,12,15,16,17
1,2,4,8,9,10,16,17
1,2,4,8,9,10,11,15,16,17
0,2,5,6,7,12,13,14,15
0,5,6,7,11,12,13,15,17
1,3,4,5,7,8,9,10,11,12,14,15,16,17
1,3,4,6,7,8,11,12,14,16,17
0,5,6,8,10,11,15,17
1,4,8,9,10,11,12,16,17
0,5,6,7,8,11,13,15,16,17
0,5,6,7,11,13,14,15,17
0,2,5,6,7,11,13,14,15
1,2,4,8,9,10,11,13,16,17
0,3,4,5,6,7,8,9,10,13,14,15,17
1,3,7,8,10,12,16,17
0,4,5,6,7,8,9,10,11,13,14,15,16,17
1,3,5,7,8,9,10,12,14,16,17
0,4,5,6,7,8,11,12,13,14,15,17
1,3,4,7,8,9,10,11,13,16,17
0,2,4,5,9,10,11,15,16,17
0,5,6,7,13,14,15
0,5,6,7,13,14,15
1,2,3,4,7,8,9,10,11,12,13,14,15,17
0,5,6,7,11,12,13,14,15,17
1,2,4,7,8,9,10,11,14,17
1,2,4,6,7,8,10,11,14,15,17
1,2,3,4,7,8,9,10,11,12,13,14,17
0,2,3,5,6,7,11,12,14
0,2,3,5,6,7,12,14,15,17
1,3,6,7,11,12,14,15
1,2,4,8,9,11,12,17
1,2,3,4,6,7,8,9,11,12,16,17
1,3,4,7,8,9,11,16,17
0,3,5,6,7,14,15,17
1,2,3,4,6,7,8,9,11,12,13,16,17
1,2,3,4,6,8,9,10,11,16,17
1,3,4,5,6,7,12,13,14,15
1,3,4,5,6,7,9,11,12,14,15,16,17
0,3,5,6,7,13,14,15,17
1,3,5,6,7,12,13,15
1,2,3,4,8,9,10,12,16,17
0,3,5,6,7,8,9,12,13,14,15,16,17
0,5,6,7,13,14,15,17
0,5,6,7,13,14,15,17
1,2,3,4,7,8,9,10,12,14,16,17
1,2,3,4,6,7,8,9,10,11,12,14,15,17
1,2,3,5,6,7,12,14,15,17
1,2,3,4,6,7,9,10,11,12,17
1,2,3,4,5,6,7,12,13,14,15,17
1,2,3,6,7,12,13,14,15,16
1,3,4,6,7,9,12,17
1,2,3,4,6,7,9,10,12,15,17
1,3,4,5,6,7,13,14,15,17
1,2,4,8,9,10,11,12,16,17
1,2,3,6,7,8,12,13,15,17
1,2,3,9,10,12,16
0,2,3,5,6,7,12,13,14,15,17
0,2,3,4,5,7,9,10,13,14,17
1,2,3,4,5,6,7,12,14,17
1,2,3,4,5,9,12,13,16,17
1,2,3,4,6,7,9,12,14,16,17
1,2,3,6,7,12,14,15,17
1,3,4,6,7,9,17
0,3,5,6,7,11,13,14,15
0,3,5,6,7,9,12,13,14,15,17
0,3,5,6,7,11,12,13,14,15
0,2,4,5,7,8,9,10,11,13,15,17
0,3,5,6,7,11,13,14,15
0,2,3,5,6,7,11,13,14,15,17
0,5,6,7,13,14,15,17
1,2,4,6,7,10,11,14,15,17
1,5,6,7,12,13,14,15
1,2,4,7,8,9,10,13,14,15,16,17
0,5,6,7,13,14,15
0,5,6,7,12,13,14,15,17
1,2,4,7,8,9,10,11,12,17
0,5,6,7,11,13,14,15,17
0,2,3,4,5,6,7,8,9,11,12,13,14,15,17
1,2,3,4,8,9,10,17
1,3,4,7,8,9,10,11,17
0,2,3,5,6,7,11,14,15,17
1,2,3,4,8,9,10,11,12,14,17
1,2,3,4,8,9,11,17
1,2,3,4,8,9,10,17
0,2,3,4,5,6,7,8,9,11,14,15,17
1,3,4,6,7,8,9,12,14,16,17
1,4,7,8,9,10,12,16,17
1,3,4,7,8,9,10,12,15,16,17
1,3,4,7,8,9,10,11,12,14,15,16,17
1,4,8,9,11,12,16,17
1,2,4,8,9,10,11,16,17
0,5,6,7,8,9,11,13,14,15,17
1,2,3,4,8,9,10,11,14,16,17
1,2,4,6,8,9,10,11,13,15,16,17
0,4,5,6,7,10,11,13,14,15,17
1,4,8,9,10,11,17
0,3,5,6,7,12,13,14,15,17
0,5,6,7,8,9,10,11,13,14,15,17
0,3,5,6,7,11,13,14,15,16
